[gd_scene load_steps=6 format=3 uid="uid://5y0deaa6n53a"]

[ext_resource type="PackedScene" uid="uid://qdsl1ulnal3" path="res://Player/player.tscn" id="1_de43i"]
[ext_resource type="Script" path="res://Player/PlayerCamera.gd" id="1_i430s"]
[ext_resource type="PackedScene" uid="uid://b3gr7ggit12l5" path="res://Particles/star_particles.tscn" id="3_5bco6"]
[ext_resource type="PackedScene" uid="uid://d2j2dqhf8jjx" path="res://Enemies/enemy_spawner.tscn" id="4_7gpn6"]

[sub_resource type="Environment" id="Environment_3ge47"]
background_mode = 3
ambient_light_source = 3

[node name="level" type="Node3D"]

[node name="WorldEnvironment" type="WorldEnvironment" parent="."]
environment = SubResource("Environment_3ge47")

[node name="DirectionalLight3D" type="DirectionalLight3D" parent="WorldEnvironment"]
transform = Transform3D(1, 0, 0, 0, 0.908749, 0.417344, 0, -0.417344, 0.908749, 0, 3.53202, 0)

[node name="Player" parent="." instance=ExtResource("1_de43i")]
transform = Transform3D(1, -2.64698e-23, -4.23516e-22, 2.64698e-23, 1, -1.49012e-08, -4.23516e-22, 1.49012e-08, 1, 4.23516e-21, 1, -3.46636)
collision_layer = 2
collision_mask = 17

[node name="PlayerCamera" type="Camera3D" parent="."]
transform = Transform3D(1, -1.22724e-15, 3.39704e-15, 7.97092e-16, 0.992302, 0.123844, -3.52288e-15, -0.123844, 0.992302, 0, 1.61649, 0)
script = ExtResource("1_i430s")

[node name="StarParticle" parent="." instance=ExtResource("3_5bco6")]
transform = Transform3D(-0.0398876, 0, -0.999204, 0, 1, 0, 0.999204, 0, -0.0398876, -0.255183, 0, -26.3605)

[node name="EnemySpawner" parent="." instance=ExtResource("4_7gpn6")]
transform = Transform3D(1, 0, 0, 0, 1, 0, 0, 0, 1, -1, 1, -9.47765)
